0 1 1.00000
2 8 0.45263
3 4 0.73684
5 7 0.54717
6 7 0.95455
9 59 0.56818
9 133 0.93103
10 11 0.91932
10 12 0.83824
11 12 0.93151
13 82 0.82432
14 15 0.61026
14 16 0.64219
14 17 0.66667
14 18 0.68750
14 70 0.96875
14 72 0.78261
14 74 0.80000
14 75 0.88235
14 83 0.75000
14 85 0.63889
14 141 0.85366
15 16 0.75676
15 17 0.67123
15 18 0.75824
15 70 0.86667
15 75 0.95122
15 83 0.84286
15 85 0.82143
15 127 0.86364
15 141 0.91176
16 17 0.72917
16 18 0.73913
16 70 0.96154
16 72 0.70588
16 75 0.93750
16 83 0.61538
16 85 0.57143
16 127 0.64706
16 141 0.90625
17 18 0.58974
17 85 0.88571
17 86 0.76000
17 127 0.75000
18 85 0.81818
18 86 0.90909
19 88 0.85185
20 87 0.88000
21 91 0.72222
22 23 0.97832
22 24 0.98974
22 25 0.99074
22 26 0.97268
22 28 1.00000
22 94 0.98404
22 95 0.96154
22 96 1.00000
22 97 0.79355
22 98 0.97917
22 99 0.99517
22 100 0.91346
23 24 0.97593
23 25 1.00000
23 26 1.00000
23 94 0.98222
23 95 0.98086
23 96 0.97778
23 97 0.77305
23 98 1.00000
23 99 0.97514
23 100 0.89130
23 101 0.99524
24 25 0.87850
24 26 0.88974
24 94 0.98316
24 95 0.91159
24 96 0.98507
24 97 0.94681
24 98 0.97895
24 99 0.85121
24 100 0.84375
24 101 0.96970
25 26 0.92438
25 94 0.99797
25 95 0.97923
25 96 0.91892
25 97 0.94845
25 98 0.97143
25 99 0.89651
25 100 0.87649
25 101 0.99091
26 94 0.96819
26 95 0.84946
26 96 0.97059
26 97 0.95833
26 98 0.96907
26 99 0.85758
26 100 0.80297
26 101 1.00000
27 28 0.82609
27 29 0.85556
27 101 0.89474
28 29 1.00000
29 101 0.58333
29 132 0.87500
30 31 0.80952
30 104 0.79817
32 105 0.55000
33 106 0.97963
33 107 0.99442
33 108 0.68182
34 35 0.83706
34 44 0.73684
34 46 0.87500
34 117 0.71186
35 41 0.89655
35 44 0.74286
35 46 0.70000
35 117 0.81159
36 37 0.98611
36 110 0.76647
36 111 0.99200
37 110 0.87879
37 111 0.84834
38 39 0.64706
40 112 0.73684
41 113 0.60870
42 114 0.96262
43 45 0.80597
43 109 0.98611
44 117 0.91667
46 117 0.70000
47 49 0.96154
47 50 0.87097
48 49 0.99793
48 50 0.94286
49 50 1.00000
51 52 0.87000
51 53 0.93939
51 118 0.91429
51 119 0.82857
52 53 0.97368
52 58 0.57143
52 59 0.57895
52 118 0.83708
52 119 0.72603
52 133 0.81818
53 58 0.80000
53 59 0.86364
53 118 0.99520
53 119 0.94816
53 133 0.73684
54 120 0.91837
54 121 0.81818
55 122 0.97917
56 123 0.99116
56 124 0.95946
57 125 0.95489
57 126 0.85976
58 59 0.41071
58 118 0.00000
58 133 0.63187
58 134 0.90526
58 135 0.66071
59 119 0.52174
59 133 0.50704
59 134 0.62000
59 135 0.83673
60 61 0.68293
61 137 0.89474
62 63 0.96450
62 69 0.72222
62 136 0.80000
63 136 0.82353
64 66 0.75472
64 68 0.80000
64 138 0.78125
65 66 0.66667
67 68 0.88333
67 138 0.75000
68 138 0.65385
68 139 0.86813
70 71 0.95455
70 75 0.91176
70 141 0.88889
72 73 0.93333
72 74 0.48913
72 75 0.72826
72 140 0.54930
72 141 0.41803
72 142 0.90385
73 84 0.93333
73 140 0.68000
74 75 0.81343
74 140 0.80000
74 141 0.90834
74 142 0.75000
75 141 0.62009
75 142 0.90196
76 77 0.97619
76 143 1.00000
76 144 1.00000
77 143 1.00000
77 144 1.00000
78 79 1.00000
78 80 0.98000
78 81 0.93103
78 146 0.99833
78 147 1.00000
78 148 0.97561
79 80 0.97368
79 145 0.77419
79 146 0.95652
80 81 0.97436
80 145 0.96721
80 146 0.97222
80 147 1.00000
80 148 1.00000
81 145 0.90909
81 146 1.00000
81 147 0.97959
81 148 0.99351
81 149 0.94118
82 84 0.95652
84 85 0.00000
89 90 0.62963
92 93 0.96825
94 95 0.77689
94 96 0.89916
94 97 0.89130
94 98 0.98947
94 99 0.96998
94 100 0.99490
94 101 0.97015
95 97 0.77143
95 99 0.93365
95 100 0.95294
95 101 0.95890
96 97 0.95918
96 98 1.00000
96 99 0.88158
96 100 0.97674
97 98 0.93269
97 99 0.95890
97 100 0.93478
98 99 1.00000
98 100 1.00000
99 100 0.84116
99 101 0.99194
100 101 0.90909
101 103 0.81818
101 132 0.88889
102 103 0.68750
106 107 0.99658
106 108 0.71642
107 108 0.70345
110 111 0.84524
113 114 0.87037
115 116 0.86905
118 119 0.84919
123 124 0.97887
125 126 0.89809
126 127 0.88889
128 132 0.96512
129 130 0.96000
129 131 0.95122
130 131 0.82609
133 134 0.71930
133 135 0.90141
134 135 0.86957
138 139 0.65000
140 141 0.85714
141 142 0.69892
143 144 1.00000
145 147 0.89474
146 147 0.99737
146 148 0.96000
147 148 1.00000
147 149 0.95652
148 149 0.96667
150 152 0.91139
151 154 0.86364
153 155 0.66000
156 157 0.95975
156 158 0.80769
156 161 0.61667
156 162 0.87500
157 158 0.84375
157 161 0.62500
159 160 0.66667
161 162 0.84000
163 166 0.60154
163 167 0.34483
164 167 0.88298
165 168 0.99947
166 167 0.72469
