0 18 0.94583
1 2 0.98824
3 4 0.82353
5 7 0.58824
5 8 0.58824
5 31 0.96296
5 51 0.55102
5 52 0.57143
5 54 0.77273
5 55 0.86364
5 72 0.85000
6 11 0.91257
6 12 0.80400
6 17 0.85627
6 23 0.88889
6 27 0.92000
6 29 0.85714
6 31 0.89565
6 38 0.57143
6 44 0.90909
6 45 0.61765
6 50 0.95652
6 52 0.75000
6 53 0.60110
6 54 0.73333
6 55 0.94969
6 64 0.98162
6 65 0.88321
6 67 0.97222
6 72 0.88015
6 78 0.97321
6 83 0.85714
6 88 0.65000
6 89 0.62500
7 8 0.99124
7 13 1.00000
7 14 0.75000
7 20 0.83721
7 22 0.87097
7 24 1.00000
7 26 0.78000
7 30 0.72727
7 32 0.67742
7 33 0.75000
7 35 0.80460
7 51 0.95652
7 54 0.69565
7 57 0.94737
7 59 0.83636
7 66 0.91304
7 67 0.83333
7 68 0.75000
7 69 0.73248
7 70 0.96610
7 71 0.94118
7 73 0.84375
7 74 0.98148
7 75 0.97436
8 14 0.77778
8 20 0.95714
8 22 0.96429
8 24 0.92667
8 26 0.63077
8 30 0.68966
8 32 0.85542
8 35 0.73529
8 51 0.96250
8 54 0.76923
8 55 0.91304
8 59 0.75862
8 66 0.95122
8 67 0.95000
8 69 0.78750
8 70 0.96296
8 71 0.86842
8 73 0.65854
8 74 1.00000
8 75 0.91667
9 21 0.90000
10 26 0.59259
10 58 0.00000
11 12 0.55083
11 17 0.87986
11 23 0.73077
11 25 0.43750
11 28 0.00000
11 29 0.56757
11 31 0.59350
11 38 0.91892
11 44 0.87324
11 45 0.76667
11 50 0.92647
11 52 0.00000
11 53 0.93460
11 54 0.77457
11 55 0.96341
11 64 0.94375
11 65 0.90000
11 67 0.97222
11 72 0.52000
11 78 0.87963
11 83 0.56818
11 88 0.87179
11 89 0.87826
12 17 0.98137
12 25 0.54286
12 28 0.00000
12 29 0.00000
12 31 0.47748
12 38 0.94030
12 44 0.80952
12 50 0.78723
12 52 0.71429
12 53 0.81949
12 54 0.81818
12 55 0.93277
12 64 1.00000
12 65 0.94366
12 72 0.67160
12 78 0.56944
12 83 0.90566
12 89 0.97059
13 74 0.80000
14 21 0.95238
14 24 0.92500
14 51 0.88462
14 59 0.86792
14 60 0.87179
14 69 0.95122
14 73 0.70588
15 36 0.97110
15 61 0.96727
15 76 0.95122
15 77 0.97490
15 79 0.93939
15 80 0.90141
16 62 0.88000
17 29 0.77778
17 31 0.94828
17 44 0.98750
17 45 0.71186
17 50 1.00000
17 53 0.97059
17 54 0.97526
17 55 0.98319
17 64 0.98811
17 65 0.99228
17 66 0.72222
17 67 0.94382
17 72 0.98830
17 78 1.00000
17 88 0.73333
17 89 0.68616
19 31 0.55556
20 21 0.70260
20 22 0.80000
20 24 0.96094
20 26 0.72222
20 30 0.77966
20 31 0.82353
20 32 0.75833
20 51 0.90000
20 54 0.85000
20 57 1.00000
20 59 0.54286
20 66 0.85714
20 67 0.90476
20 68 0.66667
20 69 0.93750
20 70 0.95833
20 73 0.85827
20 74 0.96000
20 75 0.62222
21 22 0.52381
21 24 0.88462
21 30 0.96875
21 31 1.00000
21 32 0.87879
21 51 0.90476
21 57 0.88889
21 58 0.88889
21 59 0.77778
21 60 0.68421
21 68 0.67500
21 69 0.88889
21 70 0.82609
21 73 0.76000
21 74 0.73913
21 75 0.83333
22 24 0.85294
22 32 0.59091
22 34 0.92593
22 51 0.76471
22 54 0.82609
22 69 0.87234
22 70 0.91429
22 73 0.90323
22 74 0.90909
23 25 0.00000
23 28 0.00000
23 29 0.00000
23 50 0.38462
23 56 0.00000
23 57 0.00000
23 72 0.00000
23 78 0.00000
24 26 0.81579
24 30 0.81356
24 32 0.84615
24 33 0.95833
24 35 0.92308
24 51 0.95349
24 59 0.91304
24 66 0.91803
24 69 0.92643
24 70 0.94595
24 71 0.83333
24 73 0.82569
24 74 0.98485
24 75 0.67606
25 28 0.58025
25 29 0.31111
25 50 0.32258
25 52 0.00000
25 56 0.27083
25 57 0.00000
25 72 0.00000
25 78 0.46154
26 32 0.94545
26 51 0.88000
26 54 1.00000
26 69 0.88421
26 71 0.70779
27 29 1.00000
27 53 1.00000
28 29 0.82609
28 56 0.46154
28 72 0.59259
29 53 0.96875
29 56 0.44118
29 57 0.41026
29 72 0.85714
29 78 0.00000
29 88 0.70588
29 89 0.81250
30 33 1.00000
30 66 1.00000
30 69 1.00000
30 70 1.00000
30 75 0.94286
31 50 0.87879
31 51 0.86364
31 53 0.81818
31 54 0.96629
31 55 0.89286
31 57 0.88889
31 64 0.88000
31 65 0.85714
31 72 0.80180
31 78 0.95918
31 89 0.84615
32 33 0.91304
32 51 0.94118
32 59 0.66102
32 66 0.85484
32 69 0.76642
32 70 0.90000
32 71 0.88000
32 73 0.79208
32 74 0.78922
32 75 0.85185
32 80 0.88889
33 56 0.87500
33 70 1.00000
33 75 0.91304
34 70 0.85714
35 69 0.93220
35 71 0.82857
36 43 0.88000
36 61 0.87259
36 76 0.74157
36 77 0.87977
36 79 0.96795
36 80 0.98603
36 84 0.89286
36 85 0.90000
37 38 0.82353
37 80 0.68750
38 40 0.65217
38 41 0.75000
38 42 0.81481
38 44 0.85714
38 47 0.69231
38 51 0.62500
38 53 0.77551
38 54 0.46154
38 65 0.68750
38 72 0.90000
38 76 0.80469
38 79 0.63636
38 80 0.70000
38 82 0.54839
38 83 0.73529
38 84 0.70370
38 85 0.88889
38 87 0.75000
38 88 0.68750
38 89 0.70588
39 40 0.80000
39 80 0.91667
39 82 0.85930
39 87 0.72222
40 41 0.86891
40 42 0.79381
40 43 0.76271
40 44 0.72093
40 45 0.65217
40 64 0.97701
40 65 0.90000
40 66 0.91304
40 79 0.60000
40 82 0.64706
40 83 0.94643
40 84 0.78261
40 85 0.80952
40 86 0.83333
40 87 0.88889
40 88 0.91667
40 90 0.96226
41 42 0.73750
41 43 0.83721
41 44 0.65455
41 45 1.00000
41 47 0.71875
41 64 0.64706
41 65 0.58621
41 66 0.81609
41 67 0.68421
41 79 0.93333
41 80 0.92593
41 82 0.68000
41 83 0.63158
41 84 0.82609
41 85 0.51042
41 86 0.77778
41 87 0.89362
41 88 0.77778
41 89 0.79310
41 90 0.94444
41 91 0.00000
42 43 0.99387
42 44 0.67839
42 45 0.52703
42 64 0.82609
42 65 0.94444
42 66 0.85057
42 80 0.82353
42 82 0.87500
42 84 0.61628
42 85 0.78626
42 86 0.65957
42 87 0.92593
42 88 0.55556
42 89 0.80952
43 44 0.94444
43 45 0.99265
43 66 0.89655
43 79 0.90000
43 80 0.91667
43 84 0.95633
43 85 0.97065
43 86 0.86364
43 88 0.95455
43 90 0.70588
44 45 0.64384
44 53 0.94118
44 54 0.96226
44 64 0.77419
44 65 0.95918
44 66 0.92500
44 67 0.72340
44 72 0.95238
44 78 0.83333
44 82 0.68421
44 83 0.75000
44 84 0.75806
44 85 0.87963
44 86 0.57895
44 87 0.90476
44 88 0.81250
44 89 0.97890
44 90 0.89474
45 53 0.61905
45 54 0.97059
45 64 0.62000
45 65 0.85294
45 66 0.64706
45 67 0.88889
45 72 0.80000
45 78 0.94118
45 84 0.77315
45 85 0.85714
45 87 0.57895
45 88 0.80328
45 89 0.70339
45 90 0.68750
46 47 0.56410
46 66 0.92000
46 79 0.80000
46 80 0.92857
46 81 0.83333
46 91 0.66883
47 65 0.85185
47 66 0.82609
47 79 0.79167
47 80 0.93333
47 81 0.64706
47 84 0.76471
47 85 0.60000
47 87 0.81818
47 89 0.68750
47 90 0.78261
47 91 0.97917
48 49 0.56494
50 52 0.50877
50 53 0.90588
50 54 0.96591
50 55 1.00000
50 56 0.50000
50 64 0.92683
50 65 0.78947
50 72 0.87500
50 78 0.83168
51 52 0.00000
51 54 0.89474
51 57 0.87500
51 59 0.71154
51 68 0.86667
51 69 0.93750
51 70 0.89474
51 73 0.96667
51 74 0.96154
51 79 0.93333
52 57 0.00000
52 78 0.00000
53 54 0.94118
53 55 0.97842
53 64 0.97706
53 65 0.95074
53 67 0.93878
53 72 0.87973
53 78 0.95016
53 83 0.42857
53 88 0.71154
53 89 0.78448
53 90 0.89130
54 55 0.92715
54 64 0.94511
54 65 0.90722
54 67 0.98182
54 69 0.72222
54 72 0.83273
54 78 1.00000
54 83 0.53333
54 88 0.88095
54 89 0.89394
54 90 0.86364
55 64 0.97753
55 65 0.95238
55 72 0.92857
55 78 0.96970
55 83 0.80000
56 57 0.45455
57 59 0.76471
57 68 0.94444
59 60 0.88462
59 69 0.95238
59 70 1.00000
59 74 0.98039
59 75 0.93846
61 76 0.95238
61 77 0.93304
61 79 0.96703
61 80 0.90217
62 73 0.57143
62 75 0.90476
62 79 0.80000
62 80 0.70588
63 65 0.50000
64 65 0.94456
64 66 0.75000
64 67 0.94737
64 72 0.98473
64 78 1.00000
64 83 0.93243
64 88 0.90698
64 89 0.98537
65 66 0.50000
65 67 0.84375
65 72 0.98000
65 78 1.00000
65 85 0.85294
65 87 0.52174
65 88 0.82759
65 89 0.99087
66 67 0.82759
66 69 0.84375
66 70 0.81818
66 71 0.83333
66 73 0.82353
66 75 0.94595
66 80 0.89655
66 84 0.87629
66 85 0.77500
66 87 0.98182
66 88 0.60870
67 69 0.75862
67 78 0.90476
67 79 0.70588
67 82 0.64706
67 86 0.73684
67 87 0.57143
67 88 0.88571
67 89 0.96552
69 70 0.97143
69 71 0.68293
69 73 0.93694
69 74 0.85106
69 75 0.95679
70 74 0.87879
70 75 0.72000
72 78 0.86982
72 83 0.89286
72 88 0.90909
72 89 0.92063
73 74 0.75556
73 75 0.73469
74 75 0.85526
74 80 0.68750
76 77 0.83673
76 79 0.83721
76 80 0.91489
76 84 0.77778
76 85 1.00000
77 79 0.88966
77 80 0.92188
78 88 0.72222
78 89 0.87143
79 80 0.96582
79 84 0.92857
79 85 0.90476
79 91 0.88235
80 84 0.85714
80 85 0.83333
80 91 0.96000
82 84 0.89286
82 87 0.76471
82 88 0.83333
82 90 0.90909
83 85 0.75000
83 87 0.92308
83 88 0.90196
84 85 0.97542
84 86 0.89474
84 87 0.72414
84 88 0.89960
84 89 0.94737
84 90 0.74074
85 86 0.89041
85 87 0.77273
85 88 0.94194
85 89 0.74194
85 90 0.60000
86 87 0.66667
86 88 0.87500
87 88 0.96000
87 89 0.96667
88 89 0.80833
88 90 0.51220
90 91 0.88889
92 97 0.50649
93 98 0.85185
94 99 0.64286
95 96 0.61111
101 102 1.00000
101 105 0.99921
102 105 1.00000
103 104 0.99805
106 107 0.77273
