0 6 0.38298
1 2 0.99789
1 3 0.93357
1 7 0.96237
2 3 0.91961
2 7 0.98433
3 7 0.84685
4 5 0.63636
9 24 0.83333
9 32 0.88889
9 55 0.82143
9 56 0.70000
10 36 0.88462
10 39 0.82353
11 37 0.96175
12 38 0.95349
13 29 0.65000
14 39 0.85246
15 40 0.70000
15 42 1.00000
16 17 1.00000
18 41 0.56410
19 43 0.61905
20 44 0.95000
20 45 0.89368
22 23 0.91358
22 34 0.77778
22 46 0.70000
23 34 0.82353
24 55 0.63158
25 31 0.55556
25 32 0.70455
25 56 0.75000
26 27 0.89655
27 28 0.94872
28 29 0.64000
28 54 0.68750
28 56 0.52632
30 53 0.98947
30 54 0.93056
32 55 0.65000
32 56 0.81818
33 57 0.89630
33 58 0.56338
34 57 0.87500
34 58 0.54545
35 59 0.97838
44 45 0.84211
47 48 0.92647
49 55 0.58824
50 51 0.97647
52 58 0.66667
53 54 0.91117
55 56 1.00000
57 58 0.81481
57 60 0.94737
