0 1 0.99923
0 2 1.00000
0 3 0.99556
0 4 0.92893
0 30 0.68750
0 37 1.00000
0 38 0.99153
0 39 0.97753
0 40 0.98795
0 41 0.99563
0 42 0.98990
0 43 0.98544
0 44 0.98256
0 45 0.98919
0 46 0.99471
0 47 0.99029
0 48 1.00000
0 70 0.75000
0 71 0.86364
1 2 1.00000
1 3 0.98947
1 4 0.99545
1 17 0.85185
1 37 0.99500
1 38 1.00000
1 39 0.99528
1 40 0.99485
1 41 0.99643
1 42 0.99559
1 43 1.00000
1 44 0.99487
1 45 0.99510
1 46 0.99038
1 47 0.98283
1 48 1.00000
1 70 0.53333
1 71 0.84000
2 3 0.94895
2 4 0.99922
2 36 0.74359
2 37 0.99618
2 38 0.95021
2 39 0.94444
2 40 0.92980
2 41 0.98359
2 42 0.99543
2 43 0.99559
2 44 0.99544
2 45 0.98641
2 46 0.99092
2 47 0.98888
2 48 0.99574
2 70 0.58696
2 71 0.63636
2 72 0.84444
2 157 0.87500
3 4 0.99891
3 12 0.87500
3 28 0.91429
3 29 0.96078
3 37 0.99816
3 38 0.99699
3 39 0.99306
3 40 0.98214
3 41 0.98045
3 42 0.98251
3 43 0.97339
3 44 0.97323
3 45 0.98409
3 46 0.98896
3 47 0.99133
3 48 0.99877
3 49 0.94118
3 50 0.88889
3 124 0.93548
3 157 0.84615
4 36 0.68519
4 37 0.99465
4 38 1.00000
4 39 0.99378
4 40 0.97291
4 41 0.90602
4 42 0.96220
4 43 0.97868
4 44 0.96476
4 45 0.96954
4 46 0.98320
4 47 0.97216
4 48 0.94887
4 70 0.60000
4 71 0.67470
4 72 0.69444
5 6 0.97698
5 7 0.98626
5 11 0.68421
5 31 0.81818
5 32 0.80952
5 36 0.52000
5 67 0.75000
5 69 0.72222
5 70 0.55000
5 72 0.70370
6 7 0.99071
6 11 0.75000
6 31 0.70000
6 32 0.77273
6 36 0.53846
6 67 0.76190
6 72 0.75862
7 11 0.73684
7 31 0.62500
7 32 0.75000
7 36 0.67742
7 67 0.75000
7 68 0.70588
7 69 0.72222
7 70 0.65217
7 72 0.76271
8 9 0.78378
8 10 0.94737
8 11 0.75758
8 31 0.76190
8 34 0.76471
8 35 0.62500
8 49 0.76087
8 67 0.83333
8 69 0.64706
9 10 0.82456
9 11 0.56522
9 31 0.78947
9 49 0.55769
10 11 0.67241
10 31 0.72222
10 32 0.80000
10 35 0.72973
10 49 0.99275
10 67 0.75862
10 68 0.75000
10 69 0.75000
11 31 0.97358
11 32 0.98563
11 33 0.96552
11 34 0.84375
11 35 0.92453
11 49 0.40541
11 67 0.99795
11 68 0.98891
11 69 0.96684
12 13 0.34931
12 14 0.32563
12 15 0.00000
12 16 0.00000
12 27 0.75000
12 28 0.90909
12 29 0.93023
12 30 0.73684
12 40 0.89474
12 49 0.97059
12 50 0.50000
12 51 0.37174
12 52 0.31112
12 53 0.34218
12 54 0.29197
12 55 0.50000
12 62 0.82609
12 63 0.65217
12 64 0.76190
12 65 0.75000
12 66 0.82609
12 124 0.94118
12 157 0.93333
13 14 0.77370
13 15 0.40000
13 16 0.66667
13 17 0.81250
13 27 0.94444
13 28 0.75000
13 30 0.81250
13 50 0.75439
13 51 0.93947
13 52 0.71876
13 53 0.78999
13 54 0.59079
13 55 0.50000
13 62 0.83333
13 63 0.78947
13 64 0.75000
13 65 0.81250
14 15 0.51852
14 17 0.88235
14 50 0.47273
14 51 0.80690
14 52 0.94890
14 53 0.97031
14 54 0.82684
14 55 0.76471
15 16 0.38740
15 17 0.61940
15 30 0.52830
15 51 0.46341
15 52 0.70833
15 53 0.59459
15 54 0.39024
15 55 0.88200
15 63 0.61111
15 64 0.63636
15 66 0.57576
16 17 0.50355
16 27 0.89655
16 30 0.75000
16 51 0.68750
16 53 0.61111
16 55 0.42377
16 62 0.75000
16 63 0.75758
16 64 0.79412
16 65 0.82759
16 66 0.68519
17 18 0.87023
17 19 0.00000
17 52 0.75000
17 55 0.36970
19 37 1.00000
19 50 0.90000
19 56 0.81333
19 57 0.46000
20 21 0.89773
20 22 0.79787
20 58 0.72249
20 59 0.75068
20 60 0.82979
21 22 0.98347
21 58 0.98015
21 59 0.98919
21 60 0.98649
22 23 0.93333
22 58 0.73457
22 59 0.93830
22 60 0.90659
23 59 0.92857
23 60 0.94737
24 25 0.98267
24 26 0.94413
24 27 0.93750
24 28 0.98305
24 30 0.90625
24 62 0.97561
24 63 0.86207
24 64 0.90625
24 65 0.95000
24 66 0.88571
25 26 0.94948
25 27 0.93103
25 28 0.92308
25 30 0.80000
25 62 0.82759
25 63 0.91304
25 64 0.91304
25 65 0.81818
25 66 0.94737
26 27 0.91579
26 28 0.98137
26 30 0.92105
26 62 0.95098
26 63 0.94382
26 64 0.95455
26 65 0.95833
26 66 0.94366
27 28 0.99756
27 30 0.75055
27 51 0.76190
27 54 0.66667
27 55 0.64706
27 61 0.93617
27 62 0.93229
27 63 0.90096
27 64 0.86792
27 65 0.78764
27 66 0.77706
28 29 0.88983
28 30 0.81470
28 40 0.84848
28 41 0.75000
28 42 0.96429
28 43 0.90909
28 44 0.96154
28 45 0.92000
28 46 0.88889
28 47 0.86207
28 49 0.97619
28 50 0.85870
28 51 0.45833
28 53 0.83333
28 54 0.74194
28 61 0.83333
28 62 0.99719
28 63 0.98958
28 64 0.97663
28 65 0.91324
28 66 0.84383
28 124 0.92857
28 157 0.98529
29 30 0.97826
29 40 0.94828
29 41 0.87500
29 42 0.95833
29 43 1.00000
29 44 1.00000
29 45 0.93182
29 46 0.97872
29 47 0.93023
29 49 0.98039
29 50 0.86207
29 63 0.96429
29 66 0.90323
29 124 0.86667
29 157 0.92000
30 51 0.84211
30 54 0.85714
30 55 0.65385
30 61 0.97248
30 62 1.00000
30 63 0.99693
30 64 0.98156
30 65 0.99135
30 66 0.99934
31 32 0.84682
31 33 0.65306
31 34 0.79310
31 35 0.98529
31 49 0.63333
31 67 0.75579
31 68 0.83376
31 69 0.97468
32 33 0.91045
32 34 0.69565
32 35 0.58654
32 67 0.99513
32 68 0.99833
32 69 0.97887
33 34 0.94505
33 35 0.88000
33 67 0.92000
33 68 0.96296
33 69 0.78750
34 35 0.84967
34 67 0.95455
34 68 0.88136
34 69 0.74419
35 67 0.73494
35 68 0.63158
35 69 0.62992
36 37 0.73171
36 38 0.83333
36 48 0.97826
36 70 0.70127
36 71 0.95717
36 72 0.99707
37 38 0.98604
37 39 0.97584
37 40 0.98554
37 41 0.98669
37 42 0.98625
37 43 0.98062
37 44 0.97645
37 45 0.97863
37 46 0.98932
37 47 0.97588
37 48 0.99930
37 56 0.95833
37 70 0.67742
37 71 0.67089
37 72 0.64103
38 39 0.95992
38 40 0.95000
38 41 0.98751
38 42 0.99286
38 43 0.99501
38 44 0.99393
38 45 0.97957
38 46 0.98269
38 47 0.97297
38 48 1.00000
38 70 0.66667
38 71 0.80645
38 72 0.61538
38 107 0.83333
38 124 0.88235
39 40 0.98892
39 41 0.99773
39 42 0.99732
39 43 0.99818
39 44 0.99860
39 45 0.99954
39 46 0.99904
39 47 0.99901
39 48 0.99861
40 41 0.99718
40 42 0.97750
40 43 0.99130
40 44 0.97441
40 45 0.98370
40 46 0.99888
40 47 0.99157
40 48 1.00000
40 49 0.93846
40 50 0.87500
40 124 0.96296
40 157 0.96429
41 42 0.98678
41 43 0.99130
41 44 0.98004
41 45 0.97797
41 46 0.97833
41 47 0.98485
41 48 0.99647
41 49 0.72222
42 43 0.99970
42 44 0.99820
42 45 0.99897
42 46 0.99940
42 47 0.99873
42 48 0.99882
42 49 0.94872
42 50 0.86364
42 124 0.80952
42 157 1.00000
43 44 0.99971
43 45 0.99924
43 46 0.99921
43 47 0.99900
43 48 1.00000
43 49 0.94595
43 50 0.73684
43 70 0.68750
43 124 0.82759
43 157 0.96000
44 45 0.99941
44 46 0.99475
44 47 0.94672
44 48 0.99869
44 49 0.95238
44 50 0.83333
44 124 0.80000
44 157 0.95238
45 46 0.99827
45 47 0.99826
45 48 0.99874
45 49 0.91892
45 50 0.83333
45 124 0.88889
45 157 0.86364
46 47 0.99956
46 48 1.00000
46 49 0.91111
46 50 0.83333
46 70 0.82353
46 124 0.83333
46 157 0.89286
47 48 0.99879
47 49 0.91429
47 50 0.93939
47 124 0.88000
47 157 0.89286
48 70 0.64286
48 71 0.70526
48 72 0.70000
49 50 0.91667
49 67 0.70370
49 124 0.94231
49 157 0.94737
50 51 0.79167
50 52 0.83333
50 53 0.95000
50 56 0.93750
50 124 0.95349
50 157 0.90385
51 52 0.77563
51 53 0.82576
51 54 0.66806
51 55 0.69697
51 62 0.76190
51 63 0.94118
51 64 0.85714
51 65 0.85000
51 66 0.81250
52 53 0.87249
52 54 0.86771
52 55 0.52174
53 54 0.76411
53 55 0.65385
53 62 0.78261
53 63 1.00000
53 64 0.76471
53 65 0.80952
53 66 0.88889
54 55 0.52381
54 62 0.80000
54 63 0.77778
54 64 0.80952
54 65 0.81481
54 66 0.76923
55 64 0.60000
55 66 0.62963
56 57 0.49020
58 59 0.73379
58 60 0.79750
59 60 0.96996
61 62 0.97436
61 63 0.98438
61 64 0.88889
61 65 0.95833
61 66 0.96970
62 63 0.97808
62 64 0.98096
62 65 0.96360
62 66 0.99490
63 64 0.97380
63 65 0.99314
63 66 0.99115
64 65 0.99444
64 66 1.00000
65 66 0.99737
67 68 0.99172
67 69 0.98208
68 69 0.98725
70 71 0.91068
70 72 0.55403
71 72 0.78457
74 86 0.82353
74 95 0.99961
74 96 0.80556
74 97 0.38000
74 98 0.96552
74 99 1.00000
75 76 1.00000
75 107 0.95652
75 108 0.88889
77 82 0.94444
77 87 0.99206
77 88 0.98039
77 89 0.88462
77 90 0.68421
77 93 0.97500
77 94 0.96970
77 98 0.97458
77 115 0.98529
77 129 0.98667
77 135 0.95082
77 136 0.70833
77 149 0.89362
77 151 0.98601
77 152 0.99291
77 153 0.92174
77 167 0.96939
78 79 0.87755
80 91 0.99091
80 92 0.76364
80 93 0.82353
81 82 1.00000
81 92 0.66667
81 93 0.97087
81 94 0.97297
82 92 0.61111
82 93 0.89862
82 94 0.96190
83 84 0.73529
85 86 0.70000
85 99 0.96296
85 100 0.40000
85 103 0.52632
86 87 0.77778
86 88 0.68750
86 95 0.61111
86 98 0.93182
86 99 0.83516
86 100 0.56757
86 102 0.55556
86 103 0.64516
87 88 0.65432
87 89 0.93939
87 93 0.76471
87 98 0.84574
87 99 0.86000
87 100 0.82143
87 101 0.56863
87 102 0.84167
87 115 1.00000
87 129 1.00000
87 135 0.98256
87 136 0.86842
87 149 0.89286
87 151 0.97093
87 152 0.98710
87 153 0.96923
87 167 0.98246
88 89 0.95000
88 98 0.97196
88 100 0.70642
88 101 0.98479
88 102 0.96995
88 103 0.51282
88 115 0.97059
88 129 0.97436
88 135 1.00000
88 136 0.59375
88 149 0.81481
88 151 0.98990
88 152 0.98969
88 153 0.95062
88 167 0.98780
89 98 0.96000
89 115 0.93443
89 129 0.88889
89 135 0.98305
89 136 0.80769
89 151 1.00000
89 152 0.98462
89 153 0.96364
89 167 0.94737
90 106 0.72414
90 107 0.53061
90 108 0.59770
90 124 0.72000
90 157 0.90000
91 92 0.72222
92 93 0.66667
93 94 0.94079
95 96 0.81818
95 97 0.44000
95 98 0.98148
95 99 1.00000
96 97 0.70000
96 98 0.91667
96 99 0.96923
98 99 1.00000
98 115 0.99107
98 129 1.00000
98 135 1.00000
98 136 0.76190
98 149 0.78261
98 151 0.99286
98 152 0.99254
98 153 0.98276
98 167 0.99000
100 101 0.56410
100 102 0.94340
100 103 0.64286
101 102 1.00000
101 103 0.63265
102 103 0.64706
103 104 0.83333
103 105 0.92308
104 105 0.99420
104 110 0.94724
104 112 1.00000
104 113 0.99363
104 114 1.00000
104 118 0.91038
104 119 0.79032
104 120 0.78605
104 121 0.78261
104 122 0.90625
104 123 0.78161
104 142 0.93197
104 143 0.95522
104 144 0.98299
104 145 0.79967
104 146 0.97870
104 147 0.95047
104 148 0.99686
104 154 0.61905
104 155 0.98276
104 158 0.80000
104 162 0.75862
104 163 0.96377
105 110 0.97892
105 112 1.00000
105 113 1.00000
105 114 0.99023
105 118 0.91716
105 119 0.76957
105 120 0.75043
105 121 0.77273
105 122 0.93243
105 123 0.85484
105 142 0.97403
105 143 0.95082
105 144 0.96934
105 145 0.76439
105 146 0.97647
105 147 0.94662
105 148 0.99711
105 154 0.67500
105 155 0.94828
105 158 0.83333
105 162 0.71429
105 163 0.85542
106 107 0.74074
106 108 0.81875
106 109 0.97872
106 124 0.90361
106 140 0.99586
106 141 0.99558
106 157 0.94000
107 108 0.72414
107 109 0.80233
107 124 0.92248
107 140 0.86598
107 141 0.69388
107 157 0.96552
108 109 1.00000
108 124 0.90244
108 140 0.95238
108 141 0.93939
108 157 0.90909
109 124 0.81757
109 140 0.79343
109 141 0.90962
109 157 0.63889
109 159 0.87179
110 112 1.00000
110 113 1.00000
110 114 0.99291
110 118 0.82727
110 119 0.73438
110 120 0.76647
110 121 0.92857
110 122 1.00000
110 123 0.90625
110 142 0.99581
110 143 0.93264
110 144 0.89151
110 145 0.77465
110 146 0.84163
110 147 0.85484
110 148 1.00000
110 154 0.54167
110 155 1.00000
110 158 0.91667
110 162 0.80000
110 163 0.86667
111 143 0.90909
112 113 0.98291
112 114 0.91706
112 118 0.70068
112 119 0.65198
112 120 0.63258
112 121 0.73684
112 122 0.95392
112 123 0.72103
112 127 1.00000
112 131 0.89394
112 132 0.95652
112 134 1.00000
112 136 1.00000
112 137 1.00000
112 138 0.86408
112 142 0.72000
112 143 0.79310
112 144 0.70027
112 145 0.68601
112 146 0.87013
112 147 0.91270
112 148 0.95969
112 154 0.60345
112 155 0.96071
112 156 0.96063
112 158 0.73333
112 160 0.98462
112 161 0.95925
112 162 0.94779
112 163 0.78947
112 164 0.97468
112 165 0.84058
112 166 1.00000
112 167 0.96581
112 168 0.90476
112 170 0.88235
113 114 0.98405
113 116 0.75000
113 118 0.66667
113 119 0.60825
113 120 0.62353
113 121 0.78947
113 122 0.97447
113 123 0.84783
113 127 0.97059
113 131 0.90698
113 132 0.75676
113 134 1.00000
113 136 0.98901
113 137 1.00000
113 138 0.85263
113 142 0.87931
113 143 0.91489
113 144 0.79180
113 145 0.68571
113 146 0.82906
113 147 0.92188
113 148 0.99553
113 150 0.70588
113 154 0.47619
113 155 0.97232
113 156 0.91803
113 158 0.77778
113 160 1.00000
113 161 1.00000
113 162 0.96739
113 163 0.80000
113 164 0.97080
113 165 0.76923
113 166 0.99548
113 167 0.96226
113 168 0.90476
113 170 0.98485
114 116 0.70588
114 118 0.73123
114 119 0.67742
114 120 0.65669
114 121 0.79592
114 122 0.99321
114 123 0.74341
114 127 1.00000
114 131 0.91429
114 132 0.94737
114 134 1.00000
114 136 1.00000
114 137 0.98611
114 138 0.90419
114 142 0.85714
114 143 0.90385
114 144 0.79758
114 145 0.68972
114 146 0.78836
114 147 0.89091
114 148 0.99886
114 150 0.76471
114 151 0.77778
114 154 0.66667
114 155 0.95387
114 156 0.97826
114 158 0.83333
114 160 0.98462
114 161 0.98726
114 162 0.96154
114 163 0.73529
114 164 0.93627
114 165 0.91129
114 166 0.99500
114 167 0.98901
114 168 0.93750
114 170 0.94393
115 129 1.00000
115 135 0.97452
115 136 0.86301
115 149 0.90476
115 151 1.00000
115 152 0.97419
115 153 0.92126
115 167 0.98039
116 117 0.93874
116 149 0.91176
116 150 0.97059
116 151 0.87719
116 153 0.91176
117 149 0.91176
117 150 0.96429
117 151 0.91124
117 153 0.88235
118 119 0.95490
118 120 0.94239
118 121 0.81343
118 122 0.92478
118 123 0.79245
118 124 0.79167
118 126 0.53333
118 127 0.87500
118 131 0.99010
118 132 0.97753
118 134 0.97561
118 137 1.00000
118 138 0.98942
118 142 0.78351
118 143 0.60870
118 144 0.86289
118 145 0.84408
118 146 0.82765
118 147 0.75000
118 148 0.92398
118 154 0.86975
118 155 0.94536
118 156 0.88088
118 158 0.62349
118 160 0.86957
118 161 0.95506
118 162 0.97590
118 163 0.98264
118 164 0.99422
118 165 0.99228
118 166 0.85000
118 168 0.98561
118 170 0.98291
119 120 0.87069
119 121 0.72436
119 122 0.95765
119 123 0.78652
119 124 0.67742
119 126 0.85714
119 127 0.95000
119 131 0.96939
119 132 0.97321
119 134 0.97727
119 137 0.95833
119 138 0.98810
119 142 0.81897
119 143 0.64706
119 144 0.82263
119 145 0.80393
119 146 0.73602
119 147 0.68750
119 148 0.87295
119 154 0.85385
119 155 0.96813
119 156 0.94416
119 158 0.69143
119 160 1.00000
119 161 1.00000
119 162 0.98016
119 163 0.93200
119 164 1.00000
119 165 0.96700
119 166 0.97297
119 167 0.80000
119 168 0.97175
119 170 1.00000
120 121 0.70408
120 122 0.97050
120 123 0.73630
120 126 0.79167
120 127 0.82353
120 131 0.97059
120 132 0.97647
120 134 0.97059
120 137 0.96875
120 138 1.00000
120 142 0.70149
120 143 0.68421
120 144 0.82293
120 145 0.90047
120 146 0.81715
120 147 0.67176
120 148 0.84420
120 154 0.81019
120 155 1.00000
120 156 0.93734
120 158 0.62963
120 160 1.00000
120 161 0.99115
120 162 1.00000
120 163 0.95294
120 164 0.99367
120 165 0.96935
120 166 0.90000
120 167 0.88889
120 168 1.00000
120 170 1.00000
121 122 0.96552
121 123 0.84615
121 126 0.87347
121 131 0.90196
121 132 0.94828
121 138 0.97143
121 142 0.53571
121 144 0.68794
121 145 0.72222
121 146 0.65000
121 147 0.65217
121 148 0.70455
121 154 0.77541
121 155 1.00000
121 156 0.95890
121 158 0.63636
121 161 0.88235
121 162 0.97674
121 163 0.86022
121 164 0.94118
121 165 0.99492
121 168 0.91304
121 170 0.91304
122 123 0.88438
122 126 0.80769
122 127 1.00000
122 131 0.95763
122 132 0.95200
122 134 0.97647
122 136 0.96875
122 137 0.83824
122 138 0.93659
122 142 0.85366
122 144 0.94752
122 145 0.94505
122 146 0.76471
122 147 0.87500
122 148 0.99499
122 154 0.91111
122 155 0.99836
122 156 0.71375
122 158 0.91098
122 160 0.94815
122 161 0.97348
122 162 0.90078
122 163 0.77739
122 164 0.99010
122 165 0.88797
122 166 0.98969
122 167 0.89286
122 168 0.98802
122 170 0.92414
123 126 0.76875
123 127 0.91489
123 131 0.98901
123 132 0.98901
123 134 0.97778
123 136 0.77778
123 137 0.92500
123 138 0.95000
123 142 0.77778
123 144 0.76678
123 145 0.64260
123 146 0.58000
123 147 0.77037
123 148 0.78236
123 154 0.74684
123 155 0.91331
123 156 0.85824
123 158 0.49007
123 159 0.68293
123 160 0.86842
123 161 0.94872
123 162 0.93750
123 163 0.61481
123 164 1.00000
123 165 0.82212
123 166 1.00000
123 167 0.94595
123 168 0.97959
123 170 0.92683
124 125 0.94737
124 140 0.71338
124 141 0.74324
124 157 0.87644
124 158 0.66667
124 159 0.95238
125 157 0.99107
126 144 0.92857
126 145 0.92308
126 146 0.83333
126 147 0.88889
126 148 0.82353
126 154 0.93204
126 155 0.88889
126 156 0.84375
126 158 0.83333
126 160 0.91304
126 162 0.62500
126 163 0.79545
126 165 0.89655
127 128 0.69048
127 131 0.95833
127 132 0.77273
127 134 0.98551
127 136 1.00000
127 137 0.88679
127 138 0.89474
127 144 0.80000
127 145 0.80952
127 146 0.77778
127 148 0.94872
127 155 0.92424
127 156 0.81481
127 160 0.89286
127 161 0.75581
127 162 0.85000
127 164 1.00000
127 165 0.60606
127 166 1.00000
127 167 0.88000
127 168 0.83333
127 170 0.96154
129 135 0.98246
129 136 0.75862
129 149 0.83333
129 151 0.91781
129 152 0.95122
129 153 0.88462
129 167 0.95122
130 131 0.71250
130 132 0.66667
130 162 0.96296
130 163 0.92593
130 164 0.98220
130 165 0.76923
131 132 0.89286
131 134 0.89655
131 137 0.97561
131 138 1.00000
131 144 0.98876
131 145 0.98630
131 146 0.98387
131 148 1.00000
131 154 0.99000
131 155 1.00000
131 156 1.00000
131 160 0.95238
131 161 1.00000
131 162 0.98780
131 163 0.88462
131 164 0.69274
131 165 0.97887
131 166 1.00000
131 168 0.97436
131 170 0.95789
132 134 1.00000
132 137 1.00000
132 138 0.88462
132 144 0.99115
132 145 0.95789
132 146 0.98413
132 148 1.00000
132 154 0.99057
132 155 1.00000
132 156 1.00000
132 160 0.96552
132 161 0.96364
132 162 1.00000
132 163 0.91429
132 164 0.82895
132 165 0.99471
132 166 0.91667
132 167 0.88889
132 168 0.97959
132 170 0.95402
133 166 0.82569
134 136 0.99267
134 137 0.94326
134 138 0.85882
134 144 0.93023
134 145 0.93878
134 146 0.88000
134 148 0.94810
134 154 0.71429
134 155 0.99197
134 156 0.94000
134 160 0.98592
134 161 0.97531
134 162 0.94805
134 164 1.00000
134 165 0.88889
134 166 0.71020
134 167 1.00000
134 168 0.82258
134 170 0.75309
135 136 0.75000
135 144 0.81250
135 145 0.83333
135 149 0.77419
135 151 0.95181
135 152 0.98742
135 153 0.94737
135 167 0.99000
136 148 0.94737
136 151 0.92593
136 152 0.94231
136 153 0.96429
136 155 1.00000
136 161 1.00000
136 166 0.94355
136 167 0.85950
137 138 0.60902
137 144 0.94444
137 145 1.00000
137 146 0.94828
137 148 1.00000
137 154 0.86957
137 155 0.68116
137 156 0.78873
137 160 1.00000
137 161 1.00000
137 162 1.00000
137 164 0.92105
137 165 0.90000
137 166 1.00000
137 167 0.95455
137 168 0.68966
137 170 0.83333
138 144 0.99639
138 145 1.00000
138 146 1.00000
138 148 1.00000
138 154 0.98333
138 155 0.96026
138 156 0.99615
138 160 1.00000
138 161 1.00000
138 162 0.99052
138 163 0.96491
138 164 0.99225
138 165 0.97600
138 166 1.00000
138 167 0.96875
138 168 0.68738
138 170 0.62635
139 169 0.43590
140 141 0.98867
140 157 0.58197
140 159 0.87500
141 157 0.73585
142 143 0.96226
142 144 0.83448
142 145 0.74157
142 146 0.80137
142 147 0.83146
142 148 1.00000
142 154 0.61111
142 155 1.00000
142 162 0.85714
142 163 0.92000
143 144 0.89189
143 145 0.62963
143 146 0.69767
143 147 0.81250
143 148 1.00000
144 145 0.90924
144 146 0.99824
144 147 0.97188
144 148 0.90347
144 154 0.82117
144 155 1.00000
144 156 0.95872
144 158 0.59732
144 160 0.97619
144 161 0.99187
144 162 1.00000
144 163 0.97232
144 164 0.98913
144 165 0.97987
144 166 1.00000
144 167 0.95455
144 168 0.98667
144 170 0.98773
145 146 0.82419
145 147 0.66795
145 148 0.79799
145 154 0.83920
145 155 1.00000
145 156 0.98478
145 158 0.61905
145 160 1.00000
145 161 1.00000
145 162 1.00000
145 163 0.95522
145 164 0.99451
145 165 0.98905
145 166 0.94286
145 167 1.00000
145 168 1.00000
145 170 1.00000
146 147 0.99248
146 148 0.93367
146 154 0.79739
146 155 1.00000
146 156 0.98795
146 158 0.82114
146 160 0.93548
146 161 1.00000
146 162 1.00000
146 163 0.96471
146 164 0.98113
146 165 0.93750
146 166 1.00000
146 168 0.98529
146 170 1.00000
147 148 1.00000
147 154 0.88000
147 155 0.98667
147 158 0.89610
147 162 0.82143
147 163 0.98058
148 154 0.74390
148 155 0.97762
148 156 0.94208
148 158 0.88889
148 160 0.99608
148 161 0.99362
148 162 0.95074
148 163 0.90741
148 164 0.93694
148 165 0.77444
148 166 1.00000
148 167 0.99029
148 168 0.96250
148 170 0.89623
149 150 0.93243
149 151 0.50820
149 152 0.93750
149 153 0.92857
149 167 0.88462
150 151 0.89189
151 152 0.99333
151 153 0.82716
151 167 0.95536
152 153 0.95172
152 167 0.98291
153 167 0.92784
154 155 0.98000
154 156 0.99083
154 158 0.91429
154 161 0.94595
154 162 1.00000
154 163 0.90909
154 164 0.98077
154 165 1.00000
154 168 0.98462
154 170 0.94000
155 156 0.80681
155 158 0.82418
155 160 0.95016
155 161 0.97002
155 162 0.89617
155 163 0.83744
155 164 0.97153
155 165 0.90722
155 166 1.00000
155 167 1.00000
155 168 0.94475
155 170 0.97638
156 158 0.83404
156 160 0.97037
156 161 1.00000
156 162 0.98361
156 163 0.65357
156 164 0.97952
156 165 0.99670
156 166 1.00000
156 167 0.96154
156 168 0.94231
156 170 0.98925
157 159 0.92000
158 162 0.71429
158 163 0.88258
158 165 0.51220
158 168 0.54167
158 170 0.52632
159 160 0.62500
160 161 0.93787
160 162 0.93948
160 164 0.99065
160 165 0.85417
160 166 0.98507
160 167 0.83636
160 168 0.94872
160 170 0.96250
161 162 0.96167
161 163 0.92063
161 164 0.92568
161 165 0.82609
161 166 0.98312
161 167 0.99107
161 168 0.93617
161 170 0.95192
162 163 0.88808
162 164 0.95918
162 165 0.77358
162 166 0.99310
162 167 0.85000
162 168 0.93750
162 170 0.95968
163 164 0.90476
163 165 0.45876
163 168 0.86111
163 170 0.92000
164 165 0.88362
164 166 1.00000
164 167 0.94118
164 168 0.99099
164 170 0.99375
165 166 1.00000
165 167 0.63636
165 168 0.91275
165 170 0.98261
166 167 0.99468
166 168 0.86420
166 170 0.87671
167 168 0.90625
167 170 0.80000
168 170 0.99910
