0 6 0.87097
1 8 0.95308
1 9 0.98317
2 7 0.69506
3 4 0.56504
3 5 0.48427
4 5 0.95094
5 7 0.70270
8 9 1.00000
10 20 0.38710
11 12 0.92473
11 13 0.67568
11 21 0.77914
11 23 0.90476
12 21 0.69159
13 21 0.60000
13 23 0.81818
14 25 0.50000
14 26 0.42238
15 27 0.33803
15 29 0.70588
16 28 0.92857
17 18 0.47826
17 29 0.76271
18 29 0.64242
18 30 0.58537
19 20 0.74000
20 22 0.51667
21 23 0.90000
23 24 0.31818
31 32 0.68182
33 34 0.84810
35 40 1.00000
37 38 0.92177
37 39 0.68354
37 40 0.65517
37 42 0.94118
37 49 0.86842
37 53 0.65000
37 55 0.68519
38 39 0.75000
38 40 0.76471
38 49 0.68750
39 40 0.72340
39 42 0.93333
39 49 0.69231
39 55 0.88889
40 42 0.65217
41 42 0.97368
41 43 0.87500
42 43 0.71287
42 55 0.60377
45 54 0.29730
45 55 0.96429
46 50 0.80000
46 52 0.76471
48 55 0.72727
54 55 0.99123
