0 5 0.66667
0 8 0.80952
0 30 0.81536
0 31 0.95402
0 32 0.75713
0 40 0.46667
0 41 0.55556
1 3 0.94872
1 33 0.96154
1 34 0.62963
1 35 0.95238
1 37 0.93846
2 35 0.99526
2 36 0.97802
3 33 0.97436
3 37 0.93182
4 38 0.78044
5 6 0.68944
5 8 0.77677
5 22 0.66667
5 23 0.77778
5 24 0.70000
5 32 0.51429
5 39 0.74675
5 40 0.96846
5 41 0.82790
5 42 0.84281
5 43 0.79259
6 7 0.80315
6 8 0.41509
6 39 0.98485
6 40 0.70455
6 41 0.60714
6 42 0.30519
6 43 0.29893
7 8 0.93548
7 42 0.86364
7 43 0.95506
8 24 0.00000
8 32 0.71429
8 39 0.68276
8 40 0.81796
8 41 0.68350
8 42 0.93941
8 43 0.99969
9 10 0.96190
9 47 0.65698
11 12 0.85261
13 48 1.00000
14 49 0.97727
14 50 0.84840
15 51 0.66667
15 52 0.90909
16 17 0.85722
18 21 1.00000
18 53 0.98876
18 54 0.47315
18 55 0.77425
18 56 0.95122
19 58 0.63158
20 26 0.75000
20 51 0.76190
20 57 0.63636
21 53 0.94872
21 54 0.99160
21 55 1.00000
21 56 0.79592
22 23 0.92551
22 59 0.72093
23 24 0.68421
23 59 0.71480
24 25 0.83019
27 28 0.99893
27 29 0.99637
27 60 0.60714
28 29 0.99954
29 60 0.48000
31 32 0.97358
32 40 0.48571
32 41 0.56818
33 34 0.78788
33 37 0.87500
34 37 0.00000
39 40 0.72807
39 41 0.75141
39 42 0.98305
39 43 0.62295
40 41 0.77392
40 42 0.88889
40 43 0.81006
41 42 0.79433
41 43 0.67192
42 43 0.97085
44 45 0.86027
44 46 0.89673
45 46 0.83929
49 50 0.70299
53 54 1.00000
54 55 0.19007
54 56 0.92857
55 56 0.92500
