0 1 0.00000
0 5 0.84158
1 5 0.42793
2 3 0.96460
2 4 0.81250
7 9 0.80328
7 35 0.66192
8 32 0.83333
8 48 0.90566
9 23 0.82609
9 24 0.96970
9 35 0.73563
9 54 0.96000
9 55 0.90323
10 66 0.83333
10 68 0.87500
11 41 0.60714
11 65 0.83333
12 42 0.96000
13 17 0.65789
13 22 0.95556
13 38 0.96667
13 48 0.96429
13 50 0.95257
13 52 0.95385
13 54 1.00000
13 55 0.89474
14 15 0.88889
14 19 0.85000
14 45 0.72727
15 19 0.60000
15 43 0.66429
16 44 0.95652
17 46 0.82857
19 43 0.70588
19 45 0.79070
20 47 0.97297
20 48 0.96000
21 26 0.88060
22 23 0.51515
22 24 0.40000
22 25 0.68750
22 29 0.55556
22 38 0.91176
22 40 0.92000
22 50 0.86364
22 51 0.83333
22 52 0.84335
22 53 0.42941
22 54 0.83621
22 55 0.63063
22 56 0.81818
22 58 0.85714
22 59 0.79070
23 24 0.40121
23 25 0.82353
23 28 0.66667
23 30 0.65000
23 31 0.69231
23 33 0.90476
23 52 0.91837
23 53 0.73438
23 54 0.62500
23 55 0.73575
23 56 0.81000
23 58 0.80000
23 61 0.93333
23 70 0.95652
23 72 0.96774
23 73 0.86364
24 25 0.94737
24 26 0.93103
24 29 0.88333
24 31 0.68000
24 33 0.93548
24 50 0.84211
24 52 0.91198
24 53 0.81009
24 54 0.99162
24 55 0.74640
24 56 0.84559
24 58 0.97727
24 59 0.79518
24 61 0.84211
24 70 0.88889
24 72 0.95238
25 26 0.76136
25 29 0.86957
25 52 0.85246
25 53 1.00000
25 54 1.00000
25 55 0.98701
25 56 0.97143
25 59 0.80000
26 29 0.93939
26 52 0.86957
26 53 0.97297
26 54 0.96667
26 55 1.00000
26 56 0.75758
26 59 0.74194
27 28 0.51429
27 58 1.00000
28 58 1.00000
29 52 0.98837
29 54 0.96364
29 55 1.00000
29 56 0.55556
29 59 0.71930
30 31 0.52128
30 53 0.70588
31 53 0.66667
31 55 0.92857
34 46 0.96552
34 65 0.96000
38 39 0.63077
38 40 0.97468
38 50 0.93976
38 52 0.76471
41 69 0.63158
41 70 0.94444
47 48 0.94286
48 49 0.98507
48 50 0.75000
50 51 0.66667
50 52 0.87179
50 53 0.50000
50 54 0.73684
50 55 0.66667
50 56 0.52632
52 53 0.81657
52 54 0.93548
52 55 0.91803
52 56 0.89583
52 58 0.93333
52 59 0.93913
52 70 0.89286
52 73 0.87500
53 54 0.74833
53 55 0.64583
53 56 0.75177
53 57 0.70833
53 58 0.92982
53 59 0.79787
53 70 0.78947
53 72 0.81250
54 55 0.85354
54 56 0.66184
54 59 0.56863
54 70 0.85714
55 56 0.60811
55 59 0.99156
55 70 0.88462
55 72 0.95000
56 57 0.90698
56 58 0.80952
56 59 0.48649
56 70 0.64706
60 61 0.91667
62 69 0.57778
62 70 0.94366
62 71 0.87027
63 64 0.76471
66 68 0.00000
66 77 0.88235
67 74 0.63636
67 77 0.58333
69 70 0.72222
69 71 0.80556
69 72 0.77778
70 71 1.00000
70 72 0.95455
75 76 0.72222
78 84 0.34127
79 81 0.83333
79 82 0.71681
79 83 0.98758
80 82 0.79661
80 83 0.74545
81 82 0.82609
82 83 0.54309
85 116 0.52174
86 87 0.77778
88 89 0.40741
88 90 0.61364
88 121 0.70000
88 122 0.80357
89 90 0.62162
89 121 0.80000
89 122 0.66935
90 121 0.76000
90 122 0.61404
91 124 0.69803
92 94 0.00000
92 95 0.00000
92 123 0.41667
92 125 0.00000
93 124 0.86364
94 95 0.61538
94 123 0.68421
94 124 0.66667
94 125 0.66667
95 123 0.92500
95 124 0.43333
95 126 0.93939
96 111 0.87622
96 112 0.74870
97 134 0.98563
98 127 0.90476
99 102 0.38154
100 101 0.90769
100 102 0.75000
101 102 0.57478
103 129 0.91888
104 130 0.89320
105 131 0.95469
106 107 0.88095
106 108 0.80952
107 108 0.68182
109 110 0.98995
109 133 1.00000
110 133 1.00000
113 120 0.92884
114 135 1.00000
115 128 0.99918
117 118 0.56352
117 119 0.41500
121 122 0.54054
123 124 0.64000
124 125 0.70588
128 136 0.59468
128 137 0.67624
132 133 0.96390
